{
  "nbformat": 4,
  "nbformat_minor": 0,
  "metadata": {
    "colab": {
      "name": "E18CSE187_Lab1.ipynb",
      "provenance": [],
      "collapsed_sections": []
    },
    "kernelspec": {
      "name": "python3",
      "display_name": "Python 3"
    }
  },
  "cells": [
    {
      "cell_type": "markdown",
      "metadata": {
        "id": "x_Z--CbmS66p"
      },
      "source": [
        "## HPC Lab-1 \r\n",
        "Name: Tanvi Penumudy\r\n",
        "\r\n",
        "Enroll No: E18CSE187 "
      ]
    },
    {
      "cell_type": "markdown",
      "metadata": {
        "id": "pyC_-jsFTCKl"
      },
      "source": [
        "Demo Code-I"
      ]
    },
    {
      "cell_type": "code",
      "metadata": {
        "colab": {
          "base_uri": "https://localhost:8080/"
        },
        "id": "-EVRyp48TDpL",
        "outputId": "287d5e52-aca3-4ff3-9f66-2561303bb7de"
      },
      "source": [
        "# Python program to illustrate the concept of threading \r\n",
        "import threading \r\n",
        "import os \r\n",
        "\r\n",
        "def task1(): \r\n",
        "  print(\"Task 1 assigned to thread: {}\".format(threading.current_thread().name)) \r\n",
        "  print(\"ID of process running task 1: {}\".format(os.getpid())) \r\n",
        "\r\n",
        "def task2(): \r\n",
        "  print(\"Task 2 assigned to thread: {}\".format(threading.current_thread().name)) \r\n",
        "  print(\"ID of process running task 2: {}\".format(os.getpid())) \r\n",
        "\r\n",
        "if __name__ == \"__main__\": \r\n",
        "\r\n",
        "  # print ID of current process \r\n",
        "  print(\"ID of process running main program: {}\".format(os.getpid())) \r\n",
        "\r\n",
        "  # print name of main thread \r\n",
        "  print(\"Main thread name: {}\".format(threading.current_thread().name)) \r\n",
        "\r\n",
        "  # creating threads \r\n",
        "  t1 = threading.Thread(target=task1, name='t1') \r\n",
        "  t2 = threading.Thread(target=task2, name='t2') \r\n",
        "\r\n",
        "  # starting threads Spawn\r\n",
        "  t1.start() \r\n",
        "  t2.start() \r\n",
        "\r\n",
        "  # wait until all threads finish Sync\r\n",
        "  t1.join() \r\n",
        "  t2.join() "
      ],
      "execution_count": 5,
      "outputs": [
        {
          "output_type": "stream",
          "text": [
            "ID of process running main program: 1944\n",
            "Main thread name: MainThread\n",
            "Task 1 assigned to thread: t1\n",
            "ID of process running task 1: 1944\n",
            "Task 2 assigned to thread: t2\n",
            "ID of process running task 2: 1944\n"
          ],
          "name": "stdout"
        }
      ]
    },
    {
      "cell_type": "markdown",
      "metadata": {
        "id": "seaecKXFTHKh"
      },
      "source": [
        "Demo Code-II"
      ]
    },
    {
      "cell_type": "code",
      "metadata": {
        "colab": {
          "base_uri": "https://localhost:8080/"
        },
        "id": "v8d-c7EdTDqi",
        "outputId": "ee08ab03-b0e4-45d3-9370-a1cc1d0d08d8"
      },
      "source": [
        "# importing the multiprocessing module \r\n",
        "import multiprocessing \r\n",
        "import os \r\n",
        "\r\n",
        "def worker1(): \r\n",
        "  # printing process id \r\n",
        "  print(\"ID of process running worker1: {}\".format(os.getpid())) \r\n",
        "  for i in range(100):\r\n",
        "    print(\"P1\",i)\r\n",
        "\r\n",
        "def worker2(): \r\n",
        "  # printing process id \r\n",
        "  print(\"ID of process running worker2: {}\".format(os.getpid()))\r\n",
        "  for i in range(100):\r\n",
        "    print(\"P2\",i)  \r\n",
        "\r\n",
        "if __name__ == \"__main__\": \r\n",
        "  # printing main program process id \r\n",
        "  print(\"ID of main process: {}\".format(os.getpid())) \r\n",
        "\r\n",
        "  # creating processes \r\n",
        "  p1 = multiprocessing.Process(target=worker1) \r\n",
        "  p2 = multiprocessing.Process(target=worker2) \r\n",
        "\r\n",
        "  # starting processes \r\n",
        "  p1.start() \r\n",
        "  p2.start() \r\n",
        "\r\n",
        "  # process IDs \r\n",
        "  print(\"ID of process p1: {}\".format(p1.pid)) \r\n",
        "  print(\"ID of process p2: {}\".format(p2.pid)) \r\n",
        "\r\n",
        "  # wait until processes are finished \r\n",
        "  p1.join() \r\n",
        "  p2.join() \r\n",
        "\r\n",
        "  # both processes finished \r\n",
        "  print(\"Both processes finished execution!\") \r\n",
        "\r\n",
        "  # check if processes are alive \r\n",
        "  print(\"Process p1 is alive: {}\".format(p1.is_alive())) \r\n",
        "  print(\"Process p2 is alive: {}\".format(p2.is_alive())) "
      ],
      "execution_count": 7,
      "outputs": [
        {
          "output_type": "stream",
          "text": [
            "ID of main process: 1944\n",
            "ID of process running worker1: 1969\n",
            "ID of process running worker2: 1970\n",
            "P1 0\n",
            "P2 0\n",
            "P1 1\n",
            "P2 1\n",
            "P2 2\n",
            "P2 3\n",
            "P1 2\n",
            "P1 3\n",
            "P2 4\n",
            "P1 4\n",
            "P2 5\n",
            "P1 5\n",
            "P2 6\n",
            "P1 6\n",
            "P1 7\n",
            "P1 8\n",
            "P2 7\n",
            "P1 9\n",
            "P2 8\n",
            "P1 10\n",
            "P2 9\n",
            "P2 10\n",
            "P2 11\n",
            "P2 12\n",
            "P1 11\n",
            "P1 12\n",
            "P1 13\n",
            "P2 13\n",
            "P1 14\n",
            "P2 14\n",
            "P1 15\n",
            "P2 15\n",
            "P2 16\n",
            "P2 17\n",
            "P1 16\n",
            "P2 18\n",
            "P2 19\n",
            "P1 17\n",
            "P2 20\n",
            "P1 18\n",
            "P1 19\n",
            "P2 21\n",
            "P1 20\n",
            "P1 21\n",
            "P1 22\n",
            "P2 22\n",
            "P2 23\n",
            "P2 24\n",
            "P1 23\n",
            "P1 24\n",
            "P2 25\n",
            "P1 25\n",
            "P1 26\n",
            "P1 27\n",
            "P2 26\n",
            "P2 27\n",
            "P1 28\n",
            "P2 28\n",
            "P1 29\n",
            "P1 30\n",
            "P1 31\n",
            "P1 32\n",
            "P2 29\n",
            "P2 30\n",
            "P2 31\n",
            "P1 33\n",
            "P1 34\n",
            "P2 32\n",
            "P1 35\n",
            "P2 33\n",
            "P1 36\n",
            "ID of process p1: 1969\n",
            "ID of process p2: 1970\n",
            "P2 34\n",
            "P1 37\n",
            "P2 35\n",
            "P1 38\n",
            "P1 39\n",
            "P2 36\n",
            "P1 40\n",
            "P2 37\n",
            "P1 41\n",
            "P1 42\n",
            "P1 43\n",
            "P1 44\n",
            "P1 45\n",
            "P1 46\n",
            "P2 38\n",
            "P1 47\n",
            "P2 39\n",
            "P2 40\n",
            "P2 41\n",
            "P1 48\n",
            "P2 42\n",
            "P2 43\n",
            "P2 44\n",
            "P1 49\n",
            "P2 45\n",
            "P2 46\n",
            "P2 47\n",
            "P1 50\n",
            "P2 48\n",
            "P1 51\n",
            "P2 49\n",
            "P2 50\n",
            "P1 52\n",
            "P2 51\n",
            "P1 53\n",
            "P2 52\n",
            "P2 53\n",
            "P1 54\n",
            "P1 55\n",
            "P1 56\n",
            "P1 57\n",
            "P1 58\n",
            "P1 59\n",
            "P2 54\n",
            "P1 60\n",
            "P2 55\n",
            "P2 56\n",
            "P2 57\n",
            "P2 58\n",
            "P1 61\n",
            "P2 59\n",
            "P1 62\n",
            "P2 60\n",
            "P1 63\n",
            "P2 61\n",
            "P2 62\n",
            "P2 63\n",
            "P1 64\n",
            "P2 64\n",
            "P1 65\n",
            "P1 66\n",
            "P2 65\n",
            "P1 67\n",
            "P1 68\n",
            "P1 69\n",
            "P1 70\n",
            "P2 66\n",
            "P1 71\n",
            "P1 72\n",
            "P1 73\n",
            "P1 74\n",
            "P1 75\n",
            "P2 67\n",
            "P2 68\n",
            "P2 69\n",
            "P2 70\n",
            "P1 76\n",
            "P2 71\n",
            "P2 72\n",
            "P2 73\n",
            "P1 77\n",
            "P2 74\n",
            "P1 78\n",
            "P1 79\n",
            "P1 80\n",
            "P1 81\n",
            "P1 82\n",
            "P2 75\n",
            "P1 83\n",
            "P2 76\n",
            "P2 77\n",
            "P1 84\n",
            "P1 85\n",
            "P2 78\n",
            "P1 86\n",
            "P1 87\n",
            "P1 88\n",
            "P1 89\n",
            "P2 79\n",
            "P1 90\n",
            "P2 80\n",
            "P2 81\n",
            "P2 82\n",
            "P1 91\n",
            "P2 83\n",
            "P2 84\n",
            "P2 85\n",
            "P1 92\n",
            "P1 93\n",
            "P2 86\n",
            "P1 94\n",
            "P2 87\n",
            "P2 88\n",
            "P1 95\n",
            "P1 96\n",
            "P1 97\n",
            "P2 89\n",
            "P1 98\n",
            "P1 99\n",
            "P2 90\n",
            "P2 91\n",
            "P2 92\n",
            "P2 93\n",
            "P2 94\n",
            "P2 95\n",
            "P2 96\n",
            "P2 97\n",
            "P2 98\n",
            "P2 99\n",
            "Both processes finished execution!\n",
            "Process p1 is alive: False\n",
            "Process p2 is alive: False\n"
          ],
          "name": "stdout"
        }
      ]
    },
    {
      "cell_type": "markdown",
      "metadata": {
        "id": "mBVu2zuTTSFp"
      },
      "source": [
        "## 1. Matrix Multiplication"
      ]
    },
    {
      "cell_type": "code",
      "metadata": {
        "id": "ClHn8X8ecmpc"
      },
      "source": [
        "# Creating random integer arrays (without numpy)\r\n",
        "import random\r\n",
        "X = [random.choices(range(9,999), k=4) for _ in range(4)]\r\n",
        "Y = [random.choices(range(9,999), k=4) for _ in range(4)]\r\n",
        "result = [[0,0,0,0],[0,0,0,0],[0,0,0,0],[0,0,0,0]]"
      ],
      "execution_count": 15,
      "outputs": []
    },
    {
      "cell_type": "code",
      "metadata": {
        "id": "3F4UFon7TDuE",
        "colab": {
          "base_uri": "https://localhost:8080/"
        },
        "outputId": "951f22ea-3dcc-4675-e1b2-43c667f0648d"
      },
      "source": [
        "print(X)\r\n",
        "print(Y)\r\n",
        "print(result)"
      ],
      "execution_count": 52,
      "outputs": [
        {
          "output_type": "stream",
          "text": [
            "[[969, 321, 191, 83], [308, 521, 74, 204], [134, 172, 456, 723], [178, 850, 278, 911]]\n",
            "[[509, 620, 746, 958], [75, 34, 516, 312], [246, 943, 125, 24], [631, 798, 580, 285]]\n",
            "[[0, 0, 0, 0], [0, 0, 0, 0], [0, 0, 0, 0], [0, 0, 0, 0]]\n"
          ],
          "name": "stdout"
        }
      ]
    },
    {
      "cell_type": "code",
      "metadata": {
        "colab": {
          "base_uri": "https://localhost:8080/"
        },
        "id": "4t1F-oN7TDwW",
        "outputId": "2da970a7-a891-4333-f563-74f942a8f448"
      },
      "source": [
        "X[:2]"
      ],
      "execution_count": 53,
      "outputs": [
        {
          "output_type": "execute_result",
          "data": {
            "text/plain": [
              "[[969, 321, 191, 83], [308, 521, 74, 204]]"
            ]
          },
          "metadata": {
            "tags": []
          },
          "execution_count": 53
        }
      ]
    },
    {
      "cell_type": "code",
      "metadata": {
        "colab": {
          "base_uri": "https://localhost:8080/"
        },
        "id": "77rZijj4TDzQ",
        "outputId": "654d7718-b13f-41e1-b683-74f71f546694"
      },
      "source": [
        "X[2:]"
      ],
      "execution_count": 54,
      "outputs": [
        {
          "output_type": "execute_result",
          "data": {
            "text/plain": [
              "[[134, 172, 456, 723], [178, 850, 278, 911]]"
            ]
          },
          "metadata": {
            "tags": []
          },
          "execution_count": 54
        }
      ]
    },
    {
      "cell_type": "code",
      "metadata": {
        "id": "o0z_2-W-TD1k"
      },
      "source": [
        "import time"
      ],
      "execution_count": 55,
      "outputs": []
    },
    {
      "cell_type": "code",
      "metadata": {
        "colab": {
          "base_uri": "https://localhost:8080/"
        },
        "id": "vEHLSrTyTD3f",
        "outputId": "b1b3c35f-bab1-4235-b9cb-32c641497c1f"
      },
      "source": [
        "%%time\r\n",
        "# Serial - Explicit loops\r\n",
        "for i in range(len(X)):\r\n",
        "   for j in range(len(Y[0])):\r\n",
        "       for k in range(len(Y)):\r\n",
        "           result[i][j] += X[i][k] * Y[k][j]\r\n",
        "\r\n",
        "print(result)"
      ],
      "execution_count": 56,
      "outputs": [
        {
          "output_type": "stream",
          "text": [
            "[[616655, 858041, 960525, 1056693], [342775, 441248, 626174, 517532], [649495, 1095890, 665056, 399035], [797581, 1128392, 1134518, 702031]]\n",
            "CPU times: user 100 µs, sys: 871 µs, total: 971 µs\n",
            "Wall time: 1.23 ms\n"
          ],
          "name": "stdout"
        }
      ]
    },
    {
      "cell_type": "code",
      "metadata": {
        "colab": {
          "base_uri": "https://localhost:8080/"
        },
        "id": "QNJMqw2JTD57",
        "outputId": "9588345c-f7d0-443e-e4c9-22bfb8de19df"
      },
      "source": [
        "%%time\r\n",
        "# Parallel - Explicit loops\r\n",
        "def worker1(X, Y, result): \r\n",
        "  for i in range(len(X)):\r\n",
        "   for j in range(len(Y[0])):\r\n",
        "       for k in range(len(Y)):\r\n",
        "           result[i][j] += X[i][k] * Y[k][j]\r\n",
        "  return result\r\n",
        "\r\n",
        "def worker2(X, Y, result):\r\n",
        "  for i in range(len(X)):\r\n",
        "   for j in range(len(Y[0])):\r\n",
        "       for k in range(len(Y)):\r\n",
        "           result[i][j] += X[i][k] * Y[k][j]\r\n",
        "  return result\r\n",
        "  \r\n",
        "if __name__ == \"__main__\": \r\n",
        "\r\n",
        "  # creating processes \r\n",
        "  p1 = multiprocessing.Process(target=worker1) \r\n",
        "  p2 = multiprocessing.Process(target=worker2)\r\n",
        "\r\n",
        "  # starting processes \r\n",
        "  p1.start() \r\n",
        "  p2.start()\r\n",
        "\r\n",
        "  # wait until processes are finished \r\n",
        "  p1.join() \r\n",
        "  p2.join() \r\n",
        "\r\n",
        "  # both processes finished \r\n",
        "  print(worker1(X[:2],Y,[[0,0,0,0],[0,0,0,0]]))\r\n",
        "  print(worker2(X[2:],Y,[[0,0,0,0],[0,0,0,0]]))\r\n",
        "  print(\"Done!\") "
      ],
      "execution_count": 59,
      "outputs": [
        {
          "output_type": "stream",
          "text": [
            "Process Process-15:\n",
            "Traceback (most recent call last):\n",
            "  File \"/usr/lib/python3.6/multiprocessing/process.py\", line 258, in _bootstrap\n",
            "    self.run()\n",
            "Process Process-16:\n",
            "Traceback (most recent call last):\n",
            "  File \"/usr/lib/python3.6/multiprocessing/process.py\", line 93, in run\n",
            "    self._target(*self._args, **self._kwargs)\n",
            "TypeError: worker1() missing 3 required positional arguments: 'X', 'Y', and 'result'\n",
            "  File \"/usr/lib/python3.6/multiprocessing/process.py\", line 258, in _bootstrap\n",
            "    self.run()\n",
            "  File \"/usr/lib/python3.6/multiprocessing/process.py\", line 93, in run\n",
            "    self._target(*self._args, **self._kwargs)\n",
            "TypeError: worker2() missing 3 required positional arguments: 'X', 'Y', and 'result'\n"
          ],
          "name": "stderr"
        },
        {
          "output_type": "stream",
          "text": [
            "[[616655, 858041, 960525, 1056693], [342775, 441248, 626174, 517532]]\n",
            "[[649495, 1095890, 665056, 399035], [797581, 1128392, 1134518, 702031]]\n",
            "Done!\n",
            "CPU times: user 9.28 ms, sys: 14 ms, total: 23.3 ms\n",
            "Wall time: 53.7 ms\n"
          ],
          "name": "stdout"
        }
      ]
    },
    {
      "cell_type": "code",
      "metadata": {
        "id": "39w1TfDYZt4x"
      },
      "source": [
        "import numpy as np"
      ],
      "execution_count": 61,
      "outputs": []
    },
    {
      "cell_type": "code",
      "metadata": {
        "colab": {
          "base_uri": "https://localhost:8080/"
        },
        "id": "aDVPQ2w0ZFAm",
        "outputId": "a84da986-b80d-4b1d-beb4-d90952dc3ae6"
      },
      "source": [
        "A = np.random.randint(9,999,(4,4))\r\n",
        "B = np.random.randint(9,999,(4,4))\r\n",
        "A"
      ],
      "execution_count": 62,
      "outputs": [
        {
          "output_type": "execute_result",
          "data": {
            "text/plain": [
              "array([[522, 707, 208, 996],\n",
              "       [419, 226, 783, 394],\n",
              "       [902, 813, 729, 473],\n",
              "       [375, 190, 822, 838]])"
            ]
          },
          "metadata": {
            "tags": []
          },
          "execution_count": 62
        }
      ]
    },
    {
      "cell_type": "code",
      "metadata": {
        "colab": {
          "base_uri": "https://localhost:8080/"
        },
        "id": "GTAuOxL5ZFNJ",
        "outputId": "6ef734aa-eac9-4681-af0e-1a541f50663c"
      },
      "source": [
        "B"
      ],
      "execution_count": 63,
      "outputs": [
        {
          "output_type": "execute_result",
          "data": {
            "text/plain": [
              "array([[338, 539, 423, 292],\n",
              "       [919, 964, 614, 388],\n",
              "       [669, 213, 392, 678],\n",
              "       [211, 415, 379, 557]])"
            ]
          },
          "metadata": {
            "tags": []
          },
          "execution_count": 63
        }
      ]
    },
    {
      "cell_type": "code",
      "metadata": {
        "colab": {
          "base_uri": "https://localhost:8080/"
        },
        "id": "Qxw-BWB2Zxnr",
        "outputId": "868c6ed7-779a-421d-d110-d1b55074764c"
      },
      "source": [
        "%%time\r\n",
        "# Serial - Using Numpy\r\n",
        "print(np.dot(A,B))"
      ],
      "execution_count": 64,
      "outputs": [
        {
          "output_type": "stream",
          "text": [
            "[[1175477 1420550 1113924 1122536]\n",
            " [ 956277  773994  772263  960368]\n",
            " [1639527 1621482 1345763 1336551]\n",
            " [1028096  908141  915111 1207302]]\n",
            "CPU times: user 756 µs, sys: 0 ns, total: 756 µs\n",
            "Wall time: 764 µs\n"
          ],
          "name": "stdout"
        }
      ]
    },
    {
      "cell_type": "code",
      "metadata": {
        "colab": {
          "base_uri": "https://localhost:8080/"
        },
        "id": "ynbnfppoaDAR",
        "outputId": "ce7252fa-bb73-4cd9-e630-f12657de92f3"
      },
      "source": [
        "%%time\r\n",
        "# Parallel - Using Numpy\r\n",
        "def worker1(A, B): \r\n",
        "  result = np.dot(A,B)\r\n",
        "  return result\r\n",
        "\r\n",
        "def worker2(A, B):\r\n",
        "  result = np.dot(A,B)\r\n",
        "  return result\r\n",
        "  \r\n",
        "if __name__ == \"__main__\": \r\n",
        "\r\n",
        "  # creating processes \r\n",
        "  p1 = multiprocessing.Process(target=worker1) \r\n",
        "  p2 = multiprocessing.Process(target=worker2)\r\n",
        "\r\n",
        "  # starting processes \r\n",
        "  p1.start() \r\n",
        "  p2.start()\r\n",
        "\r\n",
        "  # wait until processes are finished \r\n",
        "  p1.join() \r\n",
        "  p2.join() \r\n",
        "\r\n",
        "  # both processes finished \r\n",
        "  print(worker1(A[:2],B))\r\n",
        "  print(worker2(A[2:],B))\r\n",
        "  print(\"Done!\") "
      ],
      "execution_count": 65,
      "outputs": [
        {
          "output_type": "stream",
          "text": [
            "Process Process-17:\n",
            "Process Process-18:\n",
            "Traceback (most recent call last):\n",
            "  File \"/usr/lib/python3.6/multiprocessing/process.py\", line 258, in _bootstrap\n",
            "    self.run()\n",
            "Traceback (most recent call last):\n",
            "  File \"/usr/lib/python3.6/multiprocessing/process.py\", line 93, in run\n",
            "    self._target(*self._args, **self._kwargs)\n",
            "TypeError: worker1() missing 2 required positional arguments: 'A' and 'B'\n",
            "  File \"/usr/lib/python3.6/multiprocessing/process.py\", line 258, in _bootstrap\n",
            "    self.run()\n",
            "  File \"/usr/lib/python3.6/multiprocessing/process.py\", line 93, in run\n",
            "    self._target(*self._args, **self._kwargs)\n",
            "TypeError: worker2() missing 2 required positional arguments: 'A' and 'B'\n"
          ],
          "name": "stderr"
        },
        {
          "output_type": "stream",
          "text": [
            "[[1175477 1420550 1113924 1122536]\n",
            " [ 956277  773994  772263  960368]]\n",
            "[[1639527 1621482 1345763 1336551]\n",
            " [1028096  908141  915111 1207302]]\n",
            "Done!\n",
            "CPU times: user 14.1 ms, sys: 11.6 ms, total: 25.7 ms\n",
            "Wall time: 66.1 ms\n"
          ],
          "name": "stdout"
        }
      ]
    },
    {
      "cell_type": "code",
      "metadata": {
        "colab": {
          "base_uri": "https://localhost:8080/"
        },
        "id": "C-S5DpJBaDKN",
        "outputId": "0996a692-1a9f-4f79-ee44-e73e2f6478e5"
      },
      "source": [
        "A = np.random.uniform(9,999,[4,4])\r\n",
        "B = np.random.uniform(9,999,[4,4])\r\n",
        "A"
      ],
      "execution_count": 66,
      "outputs": [
        {
          "output_type": "execute_result",
          "data": {
            "text/plain": [
              "array([[799.39480627, 544.21267013, 324.79167802, 880.40943167],\n",
              "       [684.98434019, 436.59281634,  13.75165586,  80.82904175],\n",
              "       [774.16870956,  22.84637019, 951.88006269, 806.60249314],\n",
              "       [731.58017174, 794.51618272, 220.51994599, 664.06568702]])"
            ]
          },
          "metadata": {
            "tags": []
          },
          "execution_count": 66
        }
      ]
    },
    {
      "cell_type": "code",
      "metadata": {
        "colab": {
          "base_uri": "https://localhost:8080/"
        },
        "id": "ZOyhQtYVaDMw",
        "outputId": "608a8d12-3af7-41fd-a70f-36f3c5c0c74e"
      },
      "source": [
        "B"
      ],
      "execution_count": 67,
      "outputs": [
        {
          "output_type": "execute_result",
          "data": {
            "text/plain": [
              "array([[ 14.94682735, 648.95453752, 985.11577827, 628.5825784 ],\n",
              "       [640.61910265, 972.61022246, 841.32313336, 313.73063193],\n",
              "       [ 38.14433689, 882.5159774 , 293.40730424, 448.76434794],\n",
              "       [ 56.44711806, 769.93675768, 126.15568471, 306.56098512]])"
            ]
          },
          "metadata": {
            "tags": []
          },
          "execution_count": 67
        }
      ]
    },
    {
      "cell_type": "code",
      "metadata": {
        "colab": {
          "base_uri": "https://localhost:8080/"
        },
        "id": "h-e7tQxHaDP_",
        "outputId": "13c02d01-ae86-4ae3-b2da-ba17b013cf87"
      },
      "source": [
        "%%time\r\n",
        "# Serial - Using Random Float\r\n",
        "print(np.dot(A,B))"
      ],
      "execution_count": 68,
      "outputs": [
        {
          "output_type": "stream",
          "text": [
            "[[ 422666.98685257 2012571.12137775 1451720.05093295 1088875.94167413]\n",
            " [ 295015.15514978  943527.63826008 1056336.39701224  598492.04642743]\n",
            " [ 108046.4071534  1985703.18225377 1162913.04354993 1168239.26027648]\n",
            " [ 565813.22787372 1953417.7908447  1537613.83892556 1011660.73571043]]\n",
            "CPU times: user 2.24 ms, sys: 30 µs, total: 2.27 ms\n",
            "Wall time: 10.3 ms\n"
          ],
          "name": "stdout"
        }
      ]
    },
    {
      "cell_type": "code",
      "metadata": {
        "colab": {
          "base_uri": "https://localhost:8080/"
        },
        "id": "XpmBm165aDSv",
        "outputId": "cdd6a3e0-e930-432a-d81a-480d7a9f9e1c"
      },
      "source": [
        "%%time\r\n",
        "# Parallel - Using Random Float\r\n",
        "def worker1(A, B): \r\n",
        "  result = np.dot(A,B)\r\n",
        "  return result\r\n",
        "\r\n",
        "def worker2(A, B):\r\n",
        "  result = np.dot(A,B)\r\n",
        "  return result\r\n",
        "  \r\n",
        "if __name__ == \"__main__\": \r\n",
        "\r\n",
        "  # creating processes \r\n",
        "  p1 = multiprocessing.Process(target=worker1) \r\n",
        "  p2 = multiprocessing.Process(target=worker2)\r\n",
        "\r\n",
        "  # starting processes \r\n",
        "  p1.start() \r\n",
        "  p2.start()\r\n",
        "\r\n",
        "  # wait until processes are finished \r\n",
        "  p1.join() \r\n",
        "  p2.join() \r\n",
        "\r\n",
        "  # both processes finished \r\n",
        "  print(worker1(A[:2],B))\r\n",
        "  print(worker2(A[2:],B))\r\n",
        "  print(\"Done!\") "
      ],
      "execution_count": 69,
      "outputs": [
        {
          "output_type": "stream",
          "text": [
            "Process Process-19:\n",
            "Process Process-20:\n",
            "Traceback (most recent call last):\n",
            "Traceback (most recent call last):\n",
            "  File \"/usr/lib/python3.6/multiprocessing/process.py\", line 258, in _bootstrap\n",
            "    self.run()\n",
            "  File \"/usr/lib/python3.6/multiprocessing/process.py\", line 258, in _bootstrap\n",
            "    self.run()\n",
            "  File \"/usr/lib/python3.6/multiprocessing/process.py\", line 93, in run\n",
            "    self._target(*self._args, **self._kwargs)\n",
            "  File \"/usr/lib/python3.6/multiprocessing/process.py\", line 93, in run\n",
            "    self._target(*self._args, **self._kwargs)\n",
            "TypeError: worker1() missing 2 required positional arguments: 'A' and 'B'\n",
            "TypeError: worker2() missing 2 required positional arguments: 'A' and 'B'\n"
          ],
          "name": "stderr"
        },
        {
          "output_type": "stream",
          "text": [
            "[[ 422666.98685257 2012571.12137775 1451720.05093295 1088875.94167413]\n",
            " [ 295015.15514978  943527.63826008 1056336.39701224  598492.04642743]]\n",
            "[[ 108046.4071534  1985703.18225377 1162913.04354993 1168239.26027648]\n",
            " [ 565813.22787372 1953417.7908447  1537613.83892556 1011660.73571043]]\n",
            "Done!\n",
            "CPU times: user 10.9 ms, sys: 11.1 ms, total: 22 ms\n",
            "Wall time: 53.5 ms\n"
          ],
          "name": "stdout"
        }
      ]
    },
    {
      "cell_type": "code",
      "metadata": {
        "colab": {
          "base_uri": "https://localhost:8080/"
        },
        "id": "I-yT-n6naDXX",
        "outputId": "c26e3a33-4f48-40e3-d179-ed5ac2ce1205"
      },
      "source": [
        "A = np.random.randint(9,999,(8,8))\r\n",
        "B = np.random.randint(9,999,(8,8))\r\n",
        "A"
      ],
      "execution_count": 70,
      "outputs": [
        {
          "output_type": "execute_result",
          "data": {
            "text/plain": [
              "array([[718, 511, 723, 206, 400, 811, 520, 432],\n",
              "       [878,  59,  95, 487, 859, 578, 542, 962],\n",
              "       [894, 241, 835, 170, 622,  89, 930, 919],\n",
              "       [333, 788, 171, 954, 445, 701, 956, 971],\n",
              "       [917, 182, 453, 712, 989, 488, 829, 224],\n",
              "       [384, 261, 147, 964, 632, 519, 816, 332],\n",
              "       [701, 859, 630, 523, 723, 423, 523, 582],\n",
              "       [510, 280, 362, 980, 202, 957,  20, 531]])"
            ]
          },
          "metadata": {
            "tags": []
          },
          "execution_count": 70
        }
      ]
    },
    {
      "cell_type": "code",
      "metadata": {
        "colab": {
          "base_uri": "https://localhost:8080/"
        },
        "id": "-euSmm01aDZq",
        "outputId": "c3b54a19-9e39-41db-a4c5-6bd4514293b6"
      },
      "source": [
        "B"
      ],
      "execution_count": 71,
      "outputs": [
        {
          "output_type": "execute_result",
          "data": {
            "text/plain": [
              "array([[415, 293, 125, 414, 636, 402, 209, 847],\n",
              "       [901, 505, 193, 432, 266, 895,  15, 270],\n",
              "       [210, 286,  81, 307, 933, 795,  60, 757],\n",
              "       [519, 421, 464, 397, 107, 879, 861, 702],\n",
              "       [279, 180, 409, 798, 975, 623, 746,  51],\n",
              "       [153, 405, 921, 168, 424, 976, 543, 965],\n",
              "       [146, 557, 153, 817, 516, 318, 448, 170],\n",
              "       [337, 813, 290, 482, 815, 902, 452, 128]])"
            ]
          },
          "metadata": {
            "tags": []
          },
          "execution_count": 71
        }
      ]
    },
    {
      "cell_type": "code",
      "metadata": {
        "colab": {
          "base_uri": "https://localhost:8080/"
        },
        "id": "OaiXZ_PwaDcP",
        "outputId": "1784acc3-63ca-4343-99fa-5f0890a9c2b8"
      },
      "source": [
        "%%time\r\n",
        "# Serial - Changing Matrix Size to 8*8\r\n",
        "print(np.dot(A,B))"
      ],
      "execution_count": 72,
      "outputs": [
        {
          "output_type": "stream",
          "text": [
            "[[1474312 1803244 1457891 1910259 2643439 3097600 1545470 2384750]\n",
            " [1421653 1991956 1600375 2300568 2861145 3048724 2241702 1990240]\n",
            " [1484369 2107189 1049945 2512139 3302986 2987386 1731298 1967062]\n",
            " [2077430 2631969 1905700 2631465 2698777 3954898 2492864 2279934]\n",
            " [1556312 1809426 1562558 2536464 2911968 3075612 2310013 2359545]\n",
            " [1412462 1740586 1515191 2117789 2081841 2811416 2191916 1898008]\n",
            " [2007539 2105483 1481203 2418176 2946556 3565729 1913912 2278207]\n",
            " [1433216 1673730 1722897 1426548 1887249 3150030 1895605 2474739]]\n",
            "CPU times: user 556 µs, sys: 10 µs, total: 566 µs\n",
            "Wall time: 461 µs\n"
          ],
          "name": "stdout"
        }
      ]
    },
    {
      "cell_type": "code",
      "metadata": {
        "colab": {
          "base_uri": "https://localhost:8080/"
        },
        "id": "0ovBSwIGiOJk",
        "outputId": "394dee7f-d369-4bf6-f52d-4bb38c225ff3"
      },
      "source": [
        "%%time\r\n",
        "# Parallel - Changing Matrix Size to 8*8\r\n",
        "def worker1(A, B): \r\n",
        "  result = np.dot(A,B)\r\n",
        "  return result\r\n",
        "\r\n",
        "def worker2(A, B):\r\n",
        "  result = np.dot(A,B)\r\n",
        "  return result\r\n",
        "  \r\n",
        "if __name__ == \"__main__\": \r\n",
        "\r\n",
        "  # creating processes \r\n",
        "  p1 = multiprocessing.Process(target=worker1) \r\n",
        "  p2 = multiprocessing.Process(target=worker2)\r\n",
        "\r\n",
        "  # starting processes \r\n",
        "  p1.start() \r\n",
        "  p2.start()\r\n",
        "\r\n",
        "  # wait until processes are finished \r\n",
        "  p1.join() \r\n",
        "  p2.join() \r\n",
        "\r\n",
        "  # both processes finished \r\n",
        "  print(worker1(A[:4],B))\r\n",
        "  print(worker2(A[4:],B))\r\n",
        "  print(\"Done!\") "
      ],
      "execution_count": 73,
      "outputs": [
        {
          "output_type": "stream",
          "text": [
            "Process Process-21:\n",
            "Traceback (most recent call last):\n",
            "Process Process-22:\n",
            "  File \"/usr/lib/python3.6/multiprocessing/process.py\", line 258, in _bootstrap\n",
            "    self.run()\n",
            "Traceback (most recent call last):\n",
            "  File \"/usr/lib/python3.6/multiprocessing/process.py\", line 93, in run\n",
            "    self._target(*self._args, **self._kwargs)\n",
            "  File \"/usr/lib/python3.6/multiprocessing/process.py\", line 258, in _bootstrap\n",
            "    self.run()\n",
            "TypeError: worker1() missing 2 required positional arguments: 'A' and 'B'\n",
            "  File \"/usr/lib/python3.6/multiprocessing/process.py\", line 93, in run\n",
            "    self._target(*self._args, **self._kwargs)\n",
            "TypeError: worker2() missing 2 required positional arguments: 'A' and 'B'\n"
          ],
          "name": "stderr"
        },
        {
          "output_type": "stream",
          "text": [
            "[[1474312 1803244 1457891 1910259 2643439 3097600 1545470 2384750]\n",
            " [1421653 1991956 1600375 2300568 2861145 3048724 2241702 1990240]\n",
            " [1484369 2107189 1049945 2512139 3302986 2987386 1731298 1967062]\n",
            " [2077430 2631969 1905700 2631465 2698777 3954898 2492864 2279934]]\n",
            "[[1556312 1809426 1562558 2536464 2911968 3075612 2310013 2359545]\n",
            " [1412462 1740586 1515191 2117789 2081841 2811416 2191916 1898008]\n",
            " [2007539 2105483 1481203 2418176 2946556 3565729 1913912 2278207]\n",
            " [1433216 1673730 1722897 1426548 1887249 3150030 1895605 2474739]]\n",
            "Done!\n",
            "CPU times: user 10.9 ms, sys: 13.5 ms, total: 24.4 ms\n",
            "Wall time: 60.5 ms\n"
          ],
          "name": "stdout"
        }
      ]
    },
    {
      "cell_type": "code",
      "metadata": {
        "colab": {
          "base_uri": "https://localhost:8080/"
        },
        "id": "APfmw-sbiOMj",
        "outputId": "4e049f51-602c-4219-e0ea-88b61c7372cd"
      },
      "source": [
        "# Parallel - Increasing Threads to 4\r\n",
        "%%time\r\n",
        "def worker1(A, B): \r\n",
        "  result = np.dot(A,B)\r\n",
        "  return result\r\n",
        "\r\n",
        "def worker2(A, B):\r\n",
        "  result = np.dot(A,B)\r\n",
        "  return result\r\n",
        "\r\n",
        "def worker3(A, B): \r\n",
        "  result = np.dot(A,B)\r\n",
        "  return result\r\n",
        "\r\n",
        "def worker4(A, B):\r\n",
        "  result = np.dot(A,B)\r\n",
        "  return result\r\n",
        "  \r\n",
        "if __name__ == \"__main__\": \r\n",
        "\r\n",
        "  # creating processes \r\n",
        "  p1 = multiprocessing.Process(target=worker1) \r\n",
        "  p2 = multiprocessing.Process(target=worker2)\r\n",
        "  p3 = multiprocessing.Process(target=worker3) \r\n",
        "  p4 = multiprocessing.Process(target=worker4)\r\n",
        "\r\n",
        "  # starting processes \r\n",
        "  p1.start() \r\n",
        "  p2.start()\r\n",
        "  p3.start() \r\n",
        "  p4.start()\r\n",
        "\r\n",
        "  # wait until processes are finished \r\n",
        "  p1.join() \r\n",
        "  p2.join()\r\n",
        "  p3.join() \r\n",
        "  p4.join()  \r\n",
        "\r\n",
        "  # both processes finished \r\n",
        "  print(worker1(A[:2],B))\r\n",
        "  print(worker2(A[2:4],B))\r\n",
        "  print(worker3(A[4:6],B))\r\n",
        "  print(worker4(A[6:],B))\r\n",
        "  print(\"Done!\") "
      ],
      "execution_count": 74,
      "outputs": [
        {
          "output_type": "stream",
          "text": [
            "Process Process-24:\n",
            "Process Process-23:\n",
            "Traceback (most recent call last):\n",
            "Traceback (most recent call last):\n",
            "  File \"/usr/lib/python3.6/multiprocessing/process.py\", line 258, in _bootstrap\n",
            "    self.run()\n",
            "  File \"/usr/lib/python3.6/multiprocessing/process.py\", line 93, in run\n",
            "    self._target(*self._args, **self._kwargs)\n",
            "Process Process-25:\n",
            "TypeError: worker2() missing 2 required positional arguments: 'A' and 'B'\n",
            "Traceback (most recent call last):\n",
            "  File \"/usr/lib/python3.6/multiprocessing/process.py\", line 258, in _bootstrap\n",
            "    self.run()\n",
            "  File \"/usr/lib/python3.6/multiprocessing/process.py\", line 93, in run\n",
            "    self._target(*self._args, **self._kwargs)\n",
            "  File \"/usr/lib/python3.6/multiprocessing/process.py\", line 258, in _bootstrap\n",
            "    self.run()\n",
            "TypeError: worker1() missing 2 required positional arguments: 'A' and 'B'\n",
            "Process Process-26:\n",
            "  File \"/usr/lib/python3.6/multiprocessing/process.py\", line 93, in run\n",
            "    self._target(*self._args, **self._kwargs)\n",
            "Traceback (most recent call last):\n",
            "TypeError: worker3() missing 2 required positional arguments: 'A' and 'B'\n",
            "  File \"/usr/lib/python3.6/multiprocessing/process.py\", line 258, in _bootstrap\n",
            "    self.run()\n",
            "  File \"/usr/lib/python3.6/multiprocessing/process.py\", line 93, in run\n",
            "    self._target(*self._args, **self._kwargs)\n",
            "TypeError: worker4() missing 2 required positional arguments: 'A' and 'B'\n"
          ],
          "name": "stderr"
        },
        {
          "output_type": "stream",
          "text": [
            "[[1474312 1803244 1457891 1910259 2643439 3097600 1545470 2384750]\n",
            " [1421653 1991956 1600375 2300568 2861145 3048724 2241702 1990240]]\n",
            "[[1484369 2107189 1049945 2512139 3302986 2987386 1731298 1967062]\n",
            " [2077430 2631969 1905700 2631465 2698777 3954898 2492864 2279934]]\n",
            "[[1556312 1809426 1562558 2536464 2911968 3075612 2310013 2359545]\n",
            " [1412462 1740586 1515191 2117789 2081841 2811416 2191916 1898008]]\n",
            "[[2007539 2105483 1481203 2418176 2946556 3565729 1913912 2278207]\n",
            " [1433216 1673730 1722897 1426548 1887249 3150030 1895605 2474739]]\n",
            "Done!\n",
            "CPU times: user 13.3 ms, sys: 29.2 ms, total: 42.4 ms\n",
            "Wall time: 90.2 ms\n"
          ],
          "name": "stdout"
        }
      ]
    },
    {
      "cell_type": "code",
      "metadata": {
        "id": "AFipzc4kiOPU"
      },
      "source": [
        "X = [random.choices(range(9,999), k=8) for _ in range(8)]\r\n",
